6
5
20
50
500
250.74 187.36 138.91 245.20 271.70 276.80 119.32 194.45 213.02 138.59
207.21 215.94 236.32 203.08 145.41 264.83 286.12 123.30 242.89 121.47 
5
25
50
500
250.74 187.36 138.91 245.20 271.70 276.80 119.32 194.45 213.02 138.59
207.21 215.94 236.32 203.08 145.41 264.83 286.12 123.30 242.89 121.47 
198.76 254.19 167.43 289.05 132.88
5
40
50
500
121.12 259.89 198.40 234.00 272.30 134.32 157.55 288.65 210.58 255.98 
249.03 201.28 298.93 157.16 125.26 167.22 261.86 211.60 184.22 153.01 
116.73 241.46 201.56 290.00 218.31 232.87 104.61 268.79 185.63 115.13 
236.16 102.55 259.15 226.24 100.15 142.94 199.64 221.28 150.30 104.61
5
60
50
500
175.08 277.99 155.52 295.29 181.15 217.89 228.40 170.58 296.25 167.33
231.14 286.71 189.13 218.74 125.84 284.77 248.77 120.63 160.00 233.28
147.81 187.53 117.96 276.94 166.19 175.04 291.92 215.92 230.70 184.75
189.05 265.05 119.28 286.88 100.73 192.10 217.27 214.60 252.36 250.64
254.80 107.31 279.20 204.27 259.64 167.10 239.17 132.73 259.21 219.02
207.54 238.22 120.45 239.13 130.72 140.59 135.71 107.67 233.81 217.84
5
80
50
500
228.28 287.61 232.39 201.33 228.47 116.74 160.89 185.84 180.38 157.48
144.52 146.86 247.34 175.08 190.97 142.23 262.91 153.88 197.88 157.42
249.67 271.46 218.64 116.92 117.59 143.90 162.36 299.30 241.61 242.59
294.03 139.38 118.24 221.38 146.87 271.32 281.44 252.94 152.00 135.70
205.14 123.09 279.49 193.85 130.76 163.99 182.00 211.77 169.72 209.23
118.34 273.17 268.34 202.41 156.18 148.55 293.07 152.39 289.35 220.18
215.42 239.79 252.72 171.25 183.67 227.44 186.35 160.54 275.93 152.95
148.27 289.61 224.96 225.20 215.57 147.82 190.06 140.94 108.50 144.30
5
100
50
500
146.98 181.16 266.24 212.30 292.94 290.51 161.34 254.74 196.27 207.21
246.69 225.10 135.50 191.00 262.53 211.67 132.75 130.08 278.77 234.45
195.71 178.25 211.67 123.70 263.00 107.98 240.31 244.78 205.54 118.95
125.58 155.82 294.31 112.10 221.95 119.68 124.09 151.32 108.33 211.20
265.95 214.62 281.64 239.55 236.52 242.23 136.13 220.66 183.38 152.90
239.16 263.54 264.51 212.68 179.54 268.15 248.96 148.27 210.21 244.75
218.53 140.99 136.36 203.22 178.98 127.37 154.61 159.83 178.42 183.14
153.87 200.91 151.66 255.31 200.55 272.67 212.61 142.14 177.29 112.04
296.66 237.48 214.83 120.34 294.14 138.79 147.60 286.47 247.96 289.94
255.74 288.66 107.07 253.16 175.34 187.04 270.01 179.77 125.41 267.79